ABS time (ms)	 value	 Arm On	 Arm Down	 Bowl On	 Bowl CW	 Dosage pump	 Drain pump	 Water valve	 Blow dryer	 duration (ms)
0	0x0-	0	0	0	0	0	0	x	0	2,732605
2,732605	0x2-	0	0	1	0	0	0	x	0	0,031795
2,7644	0x6-	0	1	1	0	0	0	x	0	0,03175
2,79615	0xe-	1	1	1	0	0	0	x	0	13,153185
15,949335	0xa-	1	0	1	0	0	0	x	0	0,031795
15,98113	0x2-	0	0	1	0	0	0	x	0	18,10907
34,0902	0x3-	0	0	1	1	0	0	x	0	6,201485
40,291685	0x2-	0	0	1	0	0	0	x	0	0,063595
40,35528	0x6-	0	1	1	0	0	0	x	0	0,0318
40,38708	0xe-	1	1	1	0	0	0	x	0	5,669575
46,056655	0xa-	1	0	1	0	0	0	x	0	0,53191
46,588565	0x2-	0	0	1	0	0	0	x	0	25,20609
71,794655	0xa-	1	0	1	0	0	0	x	0	10,67087
82,465525	0xe-	1	1	1	0	0	0	x	0	6,601605
89,06713	0xa-	1	0	1	0	0	0	x	0	17,20427
106,2714	0xe-	1	1	1	0	0	0	x	0	12,703075
118,974475	0xa-	1	0	1	0	0	0	x	0	0,031745
119,00622	0x2-	0	0	1	0	0	0	x	0	4,669405
123,675625	0x6-	0	1	1	0	0	0	x	0	0,03175
123,707375	0xe-	1	1	1	0	0	0	x	0	11,17097
134,878345	0xa-	1	0	1	0	0	0	x	0	0,53177
135,410115	0x2-	0	0	1	0	0	0	x	0	25,20616
160,616275	0xa-	1	0	1	0	0	0	x	0	10,67093
171,287205	0xe-	1	1	1	0	0	0	x	0	6,60149
177,888695	0xa-	1	0	1	0	0	0	x	0	20,141325
198,03002	0xb-	1	0	1	1	0	0	x	0	0,063605
198,093625	0xf-	1	1	1	1	0	0	x	0	21,70537
219,798995	0xb-	1	0	1	1	0	0	x	0	0,931915
220,73091	0x3-	0	0	1	1	0	0	x	0	12,107635
232,838545	0x2-	0	0	1	0	0	0	x	0	0,063645
232,90219	0x6-	0	1	1	0	0	0	x	0	0,031755
232,933945	0xe-	1	1	1	0	0	0	x	0	3,16892
236,102865	0xa-	1	0	1	0	0	0	x	0	0,531915
236,63478	0x2-	0	0	1	0	0	0	x	0	24,205875
260,840655	0xa-	1	0	1	0	0	0	x	0	10,57093
271,411585	0xe-	1	1	1	0	0	0	x	0	6,601505
278,01309	0xa-	1	0	1	0	0	0	x	0	17,140595
295,153685	0xb-	1	0	1	1	0	0	x	0	0,09539
295,249075	0x3-	0	0	1	1	0	0	x	0	18,67278
313,921855	0x7-	0	1	1	1	0	0	x	0	0,031795
313,95365	0xf-	1	1	1	1	0	0	x	0	25,174315
339,127965	0xb-	1	0	1	1	0	0	x	0	1,132235
340,2602	0x3-	0	0	1	1	0	0	x	0	75,591145
415,851345	0x3-	0	0	1	1	0	1	x	0	25,20622
441,057565	0x3-	0	0	1	1	0	0	x	0	75,7183
516,775865	0x3-	0	0	1	1	0	1	x	0	25,206185
541,98205	0x3-	0	0	1	1	0	0	x	0	8,20206
550,18411	0x3-	0	0	1	1	0	1	x	0	25,20613
575,39024	0x3-	0	0	1	1	0	0	x	0	8,202165
583,592405	0x3-	0	0	1	1	0	1	x	0	65,616025
649,20843	0x3-	0	0	1	1	0	0	x	0	55,418055
704,626485	0x3-	0	0	1	1	1	0	x	0	0,127185
704,75367	0x2-	0	0	1	0	1	0	x	0	0,01138
704,76505	0x2-	0	0	1	0	1	0	x	1	0,000005
704,765055	0x2-	0	0	1	0	1	0	x	0	0,000055
704,76511	0x2-	0	0	1	0	1	1	x	0	0,000005
704,765115	0x2-	0	0	1	0	1	0	x	0	2,462015
707,22713	0x2-	0	0	1	0	0	0	x	0	0,12718
707,35431	0x3-	0	0	1	1	0	0	x	0	65,584085
772,938395	0x3-	0	0	1	1	0	1	x	0	25,206325
798,14472	0x3-	0	0	1	1	0	0	x	0	75,718275
873,862995	0x3-	0	0	1	1	0	1	x	0	24,206035
898,06903	0x3-	0	0	1	1	0	0	x	0	8,201925
906,270955	0x3-	0	0	1	1	0	1	x	0	24,20598
930,476935	0x3-	0	0	1	1	0	0	x	0	8,20213
938,679065	0x3-	0	0	1	1	0	1	x	0	75,71829
1014,397355	0x3-	0	0	1	1	0	0	x	0	25,50167
1039,899025	0x7-	0	1	1	1	0	0	x	0	0,03175
1039,930775	0xf-	1	1	1	1	0	0	x	0	0,007115
1039,93789	0xf-	1	1	1	1	1	1	x	1	0,000005
1039,937895	0xf-	1	1	1	1	0	0	x	0	21,16635
1061,104245	0xb-	1	0	1	1	0	0	x	0	0,909495
1062,01374	0xb-	1	0	1	1	1	0	x	0	0,12719
1062,14093	0xa-	1	0	1	0	1	0	x	0	0,03179
1062,17272	0x8-	1	0	0	0	1	0	x	0	0,063595
1062,236315	0x0-	0	0	0	0	1	0	x	0	9,57974
1071,816055	0x0-	0	0	0	0	0	0	x	0	0,158975
1071,97503	0x2-	0	0	1	0	0	0	x	0	5,169645
1077,144675	0x3-	0	0	1	1	0	0	x	0	0,003835
1077,14851	0x3-	0	0	1	1	1	1	x	1	0,000005
1077,148515	0x3-	0	0	1	1	0	0	x	0	0,00033
1077,148845	0x3-	0	0	1	1	0	1	x	1	0,000005
1077,14885	0x3-	0	0	1	1	0	0	x	0	55,477465
1132,626315	0x3-	0	0	1	1	0	1	x	0	0,031795
1132,65811	0x2-	0	0	1	0	0	1	x	0	0,005495
1132,663605	0x2-	0	0	1	0	0	1	x	1	0,000005
1132,66361	0x2-	0	0	1	0	0	1	x	0	65,610445
1198,274055	0x3-	0	0	1	1	0	1	x	0	10,075395
1208,34945	0x3-	0	0	1	1	1	1	x	0	0,127185
1208,476635	0x2-	0	0	1	0	1	1	x	0	0,006765
1208,4834	0x3-	0	0	1	1	1	1	x	1	0,000005
1208,483405	0x2-	0	0	1	0	1	1	x	0	0,02502
1208,508425	0x0-	0	0	0	0	1	1	x	0	9,643265
1218,15169	0x0-	0	0	0	0	0	1	x	0	0,00547
1218,15716	0x0-	0	0	0	0	0	1	x	1	0,000005
1218,157165	0x0-	0	0	0	0	0	1	x	0	0,12171
1218,278875	0x1-	0	0	0	1	0	1	x	0	0,03179
1218,310665	0x3-	0	0	1	1	0	1	x	0	25,11088
1243,421545	0x3-	0	0	1	1	0	1	x	1	0,06365
1243,485195	0x2-	0	0	1	0	0	1	x	1	0,005295
1243,49049	0xf-	1	1	1	1	1	1	x	1	0,000005
1243,490495	0x2-	0	0	1	0	0	1	x	1	35,303295
1278,79379	0x3-	0	0	1	1	0	1	x	1	0,00414
1278,79793	0xf-	1	1	1	1	1	1	x	1	0,000005
1278,797935	0x3-	0	0	1	1	0	1	x	1	55,50934
1334,307275	0x2-	0	0	1	0	0	1	x	1	35,2767
1369,583975	0x2-	0	0	1	0	0	0	x	1	1,732315
1371,31629	0x3-	0	0	1	1	0	0	x	1	55,513575
1426,829865	0x2-	0	0	1	0	0	0	x	1	0,005425
1426,83529	0xf-	1	1	1	1	1	1	x	1	0,000005
1426,835295	0x2-	0	0	1	0	0	0	x	1	0,00267
1426,837965	0x2-	0	0	1	0	1	1	x	1	0,000005
1426,83797	0x2-	0	0	1	0	0	0	x	1	35,300395
1462,138365	0x3-	0	0	1	1	0	0	x	1	55,513505
1517,65187	0x2-	0	0	1	0	0	0	x	1	35,308605
1552,960475	0x3-	0	0	1	1	0	0	x	1	45,41107
1598,371545	0x2-	0	0	1	0	0	0	x	1	35,40374
1633,775285	0xa-	1	0	1	0	0	0	x	1	9,980015
1643,7553	0xa-	1	0	1	0	1	0	x	1	0,15899
1643,91429	0x8-	1	0	0	0	1	0	x	1	0,063595
1643,977885	0x0-	0	0	0	0	1	0	x	1	2,37796
1646,355845	0x0-	0	0	0	0	0	0	x	1	0,15898
1646,514825	0x2-	0	0	1	0	0	0	x	1	5,23312
1651,747945	0x6-	0	1	1	0	0	0	x	1	0,03175
1651,779695	0xe-	1	1	1	0	0	0	x	1	10,270835
1662,05053	0xa-	1	0	1	0	0	0	x	1	0,031745
1662,082275	0x2-	0	0	1	0	0	0	x	1	35,213245
1697,29552	0x3-	0	0	1	1	0	0	x	1	45,41104
1742,70656	0x2-	0	0	1	0	0	0	x	1	35,3085
1778,01506	0x3-	0	0	1	1	0	0	x	1	45,4111
1823,42616	0x2-	0	0	1	0	0	0	x	1	35,403755
1858,829915	0xa-	1	0	1	0	0	0	x	1	10,38009
1869,210005	0xa-	1	0	1	0	1	0	x	1	0,158995
1869,369	0x8-	1	0	0	0	1	0	x	1	0,063595
1869,432595	0x0-	0	0	0	0	1	0	x	1	2,377945
1871,81054	0x0-	0	0	0	0	0	0	x	1	0,158985
1871,969525	0x2-	0	0	1	0	0	0	x	1	4,232905
1876,20243	0x6-	0	1	1	0	0	0	x	1	0,03175
1876,23418	0xe-	1	1	1	0	0	0	x	1	10,771015
1887,005195	0xa-	1	0	1	0	0	0	x	1	0,00646
1887,011655	0xa-	1	0	1	0	0	1	x	1	0,000005
1887,01166	0xa-	1	0	1	0	0	0	x	1	0,02528
1887,03694	0x2-	0	0	1	0	0	0	x	1	35,21312
1922,25006	0x3-	0	0	1	1	0	0	x	1	35,3086
1957,55866	0x2-	0	0	1	0	0	0	x	1	35,3086
1992,86726	0x3-	0	0	1	1	0	0	x	1	35,308495
2028,175755	0x2-	0	0	1	0	0	0	x	1	0,00537
2028,181125	0x2-	0	0	1	0	1	1	x	1	0,000005
2028,18113	0x2-	0	0	1	0	0	0	x	1	35,398425
2063,579555	0xa-	1	0	1	0	0	0	x	1	11,50285
2075,082405	0x2-	0	0	1	0	0	0	x	1	2,16883
2077,251235	0x6-	0	1	1	0	0	0	x	1	0,03175
2077,282985	0xe-	1	1	1	0	0	0	x	1	11,67118
2088,954165	0xa-	1	0	1	0	0	0	x	1	0,031745
2088,98591	0x2-	0	0	1	0	0	0	x	1	45,31567
2134,30158	0x3-	0	0	1	1	0	0	x	1	35,308535
2169,610115	0x2-	0	0	1	0	0	0	x	1	45,411
2215,021115	0x3-	0	0	1	1	0	0	x	1	35,30862
2250,329735	0x2-	0	0	1	0	0	0	x	1	0,00547
2250,335205	0xf-	1	1	1	1	1	1	x	1	0,000005
2250,33521	0x2-	0	0	1	0	0	0	x	1	45,40557
2295,74078	0x3-	0	0	1	1	0	0	x	1	35,308475
2331,049255	0x2-	0	0	1	0	0	0	x	1	45,41101
2376,460265	0x3-	0	0	1	1	0	0	x	1	35,403915
2411,86418	0xb-	1	0	1	1	0	0	x	1	0,30003
2412,16421	0x3-	0	0	1	1	0	0	x	1	12,20299
2424,3672	0xb-	1	0	1	1	0	0	x	1	0,300085
2424,667285	0x3-	0	0	1	1	0	0	x	1	12,202965
2436,87025	0xb-	1	0	1	1	0	0	x	1	0,300035
2437,170285	0x3-	0	0	1	1	0	0	x	1	10,202505
2447,37279	0xb-	1	0	1	1	0	0	x	1	0,006605
2447,379395	0xb-	1	0	1	1	1	1	x	1	0,000005
2447,3794	0xb-	1	0	1	1	0	0	x	1	0,00003
2447,37943	0xb-	1	0	1	1	1	1	x	1	0,000005
2447,379435	0xb-	1	0	1	1	0	0	x	1	0,293435
2447,67287	0x3-	0	0	1	1	0	0	x	1	10,202485
2457,875355	0xb-	1	0	1	1	0	0	x	1	9,17047
2467,045825	0xf-	1	1	1	1	0	0	x	1	6,474215
2473,52004	0xf-	1	1	1	1	0	0	x	0	0,12725
2473,64729	0xb-	1	0	1	1	0	0	x	0	18,140855
2491,788145	0xa-	1	0	1	0	0	0	x	0	0,03179
2491,819935	0x8-	1	0	0	0	0	0	x	0	0,005065
2491,825	0x8-	1	0	0	0	0	1	x	1	0,000005
2491,825005	0x8-	1	0	0	0	0	0	x	0	0,00024
2491,825245	0xb-	1	0	1	1	1	1	x	1	0,000005
2491,82525	0x8-	1	0	0	0	0	0	x	0	0,000185
2491,825435	0xf-	1	1	1	1	1	1	x	1	0,000005
2491,82544	0x8-	1	0	0	0	0	0	x	0	0,02635
2491,85179	0xc-	1	1	0	0	0	0	x	0	2,76859
2494,62038	0x8-	1	0	0	0	0	0	x	0	0,03185
2494,65223	0x0-	0	0	0	0	0	0	x	0	19,20633
